Test Type  USDA
Test Date         23-05-2025 9:18AM
Remarks
                UHML  ML    UI   Str   Elg  Mic   Rd    +b   C.G.r.Cnt .Area.Grade  MR oist    SFI
est    Sub ID   (mm) (mm)  (%) g/te    (%)                              (%)              (%)
  No                              x)
  1 049321    7.72  2.41   80.9  29.6   6.1 3.99  68.6  8.7  42-2    52 0.65     5  0.86 7.60  10.3
  2 049322    7.59  2.37   81.1  28.9   6.0 3.93  69.7  8.4  41-4    66 0.62     5  0.86 7.79  10.2
  3 049323    7.67  2.27   80.5  29.9   6.1 3.89  69.9  8.5  41-4    56 0.55     5  0.86 8.12  10.7
  4 049324    7.72  2.47   81.1  29.9   6.1 3.90  69.3  8.7  41-4    67 0.79     6  0.86 7.95  10.1
  5 049325    7.22  1.94   80.6  30.3   6.1 3.95  70.5  8.6  41-4    59 0.68     5  0.87 7.61  10.8
  6 049326    6.82  1.67   80.8  29.1   6.1 3.95  70.7  8.6  41-4    49 0.56     5  0.86 7.61  10.8
  7 049327    7.89  2.45   80.5  29.2   6.1 3.92  70.9  8.7  41-4    72 0.59     5  0.86 8.08  10.6
  8 049328    8.00  2.81   81.5  29.9   6.1 3.98  70.9  8.5  41-4    45 0.47     4  0.87 7.87   9.7
  9 049329    7.00  1.89   81.1  28.9   6.0 4.00  72.8  8.7  41-3    40 0.38     4  0.86 8.06  10.4
 10 049330    7.66  3.11   83.6  29.3   6.2 3.98  71.0  8.7  41-3    60 0.59     5  0.86 7.92   8.3
 11 049331    7.47  2.21   80.8  29.2   6.1 4.04  70.1  8.8  41-4    53 0.59     5  0.87 7.96  10.5
 12 049332    7.80  2.58   81.2  30.3   6.1 4.00  70.1  8.8  41-4    49 0.55     5  0.87 7.65  10.0
 13 049333    7.09  1.69   80.1  30.0   6.0 4.01  69.9  8.8  41-4    56 0.69     6  0.87 7.95  11.4
 14 049334    7.75  2.74   81.9  29.0   6.1 3.97  68.6  8.8  42-2    70 0.67     5  0.86 7.77   9.4
 15 049335    7.44  1.90   79.8  27.6   6.1 3.89  69.1  9.3  42-2    78 0.76     6  0.84 7.76  11.5
 16 049336    7.99  3.29   83.2  28.8   6.0 3.97  70.6  8.0  41-4    62 0.63     5  0.86 7.51   8.4
 17 049337    8.51  3.04   80.8  30.4   6.2 3.94  66.6  8.7  52-1    96 0.82     6  0.87 8.03  10.0
 18 049338    7.89  2.43   80.4  29.5   6.1 3.91  67.8  8.4  51-3    88 0.79     6  0.86 8.03  10.7
 19 049339    7.54  2.14   80.4  30.5   6.1 3.95  67.9  8.4  51-3    78 0.60     5  0.86 7.70  10.8
 20 049340    7.73  2.29   80.4  29.5   6.1 3.92  68.8  8.6  41-4    72 0.74     6  0.86 7.77  10.8
 21 049341    8.18  2.41   79.5  29.7   6.0 3.90  67.5  8.5  51-3    69 0.53     5  0.86 7.58  11.4
 22 049342    8.08  2.42   79.9  28.6   6.0 3.93  66.9  8.2  51-3    80 0.78     6  0.86 7.78  11.1
 23 049343    7.80  2.12   79.5  28.6   6.0 3.86  67.7  8.6  52-1    36 0.34     4  0.86 7.95  11.6
 24 049344    7.15  1.64   79.7  27.6   6.1 3.93  68.3  8.4  51-3    72 0.69     6  0.85 7.60  11.8
 25 049345    7.08  1.66   80.0  27.7   6.0 3.88  68.1  8.4  51-3    85 0.83     6  0.85 7.34  11.5
 26 049346    7.72  2.32   80.5  29.5   6.1 3.93  70.0  8.0  41-4    63 0.59     5  0.86 7.58  10.6
 27 049347    7.48  2.15   80.6  29.4   6.1 3.76  69.9  8.5  41-4    73 0.66     5  0.85 7.72  10.7
 28 049348    7.68  2.39   80.9  28.6   6.0 3.90  69.7  8.7  41-4    59 0.44     4  0.86 7.72  10.3
 29 049349    8.01  2.42   80.1  29.6   6.2 3.89  69.7  8.5  41-4    48 0.45     4  0.86 7.88  10.9
 30 049350    8.55  3.06   80.8  28.4   6.2 3.99  68.6  8.3  51-3    66 0.57     5  0.86 7.76  10.0
 31 049351    7.70  2.59   81.6  28.4   5.9 3.90  68.6  8.4  51-3    62 0.57     5  0.85 7.96   9.7
 32 049352    7.62  2.30   80.7  29.1   6.1 3.94  68.0  8.7  52-1    70 0.70     6  0.86 7.70  10.5
 33 049353    7.72  2.40   80.8  29.2   6.0 3.97  68.1  9.1  42-2    78 0.84     6  0.86 7.85  10.4
 34 049354    7.45  1.99   80.1  27.9   6.0 3.89  67.9  8.2  51-3    78 0.95     6  0.85 7.66  11.2
 35 049355    8.02  2.64   80.8  27.9   6.1 3.86  67.6  8.3  51-3    34 0.40     4  0.85 7.83  10.2
 36 049356    7.85  2.56   81.0  28.5   6.1 3.96  68.9  7.9  51-3    63 0.81     6  0.85 7.32  10.1
 37 049357    8.06  2.48   80.1  29.0   5.9 3.88  67.9  8.2  51-3    58 0.64     5  0.86 7.78  10.9
 38 049358    7.29  1.67   79.4  28.5   5.9 3.94  67.4  8.5  51-3    68 0.83     6  0.86 7.74  12.0
 39 049359    7.59  2.34   81.0  28.7   6.0 3.95  70.0  8.8  41-4    58 0.58     5  0.86 7.79  10.3
 40 049360    7.50  2.56   82.1  29.3   6.1 4.05  70.2  8.6  41-4    62 0.72     6  0.87 7.22   9.4
 41 049361    7.09  2.01   81.3  29.1   6.1 4.13  71.5  8.9  41-3    38 0.34     4  0.87 7.29  10.2
 42 049362    7.32  2.07   80.8  28.6   6.1 4.03  69.5  8.7  41-4    51 0.47     4  0.86 7.35  10.6
 43 049363    7.28  2.49   82.5  29.6   6.3 4.07  70.8  8.8  41-3    53 0.54     5  0.87 7.69   9.1
 44 049364    7.58  2.52   81.7  29.6   6.2 4.05  70.5  8.9  41-4    59 0.68     5  0.87 7.54   9.7
 45 049365    7.61  2.25   80.6  28.2   6.1 3.90  71.8  9.0  41-3    54 0.55     5  0.85 7.43  10.6
                                                                                   Temp( C) :25.6

