PREMIER HFT 9000 V2  Ver 4.0.10                                                                MARFRA  SA
HFT System Testing       HVI Calibrated                                                  Date: 11/03/2024
Identifier: BUYATTI OF 30     Grading: Upland                                            Time: 10:46     
Cotton: SERVICIO                                                                          Operator: JORGE
---------------------------------------------------------------------------------------------------------
Sl.No.         SubID  UHML     ML    U.I    Mic    Str    Elg    Amt     Rd     +b    C.G     MR    SFI 
---------------------------------------------------------------------------------------------------------
     1           251 26.87  21.20   78.9   3.96   27.6    6.8   1456   69.0    9.4   42-2   0.81   12.8 
     2           252 27.80  22.63   81.4   4.00   29.2    6.8   1401   65.5    9.3   52-1   0.82    9.7 
     3           253 28.37  22.42   79.0   4.14   30.1    6.8   1131   64.4    9.3   52-1   0.83   11.7 
     4           254 26.90  21.52   80.0   4.19   28.3    6.8   1052   60.4    9.2   63-1   0.82   11.5 
     5           255 27.51  21.86   79.5   4.33   29.2    6.8    847   65.4    8.8   52-1   0.83   11.7 
     6           256 26.16  20.83   79.6   4.06   29.5    6.8   1249   60.7    9.1   62-1   0.82   12.3 
     7           257 26.87  21.39   79.6   4.10   28.0    6.7   1516   60.8    9.4   63-1   0.82   12.0 
     8           258 28.23  22.95   81.3   4.12   29.5    6.8   1400   64.4    9.8   53-1   0.82    9.6 
     9           259 27.17  21.61   79.5   4.07   28.7    6.7   1185   64.4    9.4   52-1   0.82   11.9 
    10           260 26.93  21.58   80.1   4.17   28.3    6.8   1253   63.7    9.5   53-2   0.82   11.3 
    11           261 26.41  20.20   76.5   4.02   28.7    6.7   1283   76.6    9.1   31-3   0.82   16.4 
    12           262 26.22  20.47   78.1   3.92   28.2    6.8   1313   72.8    9.4   32-2   0.81   14.3 
    13           263 26.12  21.21   81.2   3.93   30.1    6.7   1353   73.7    9.3   32-2   0.82   10.6 
    14           264 26.43  19.69   77.4   3.96   26.0    6.7   1051   73.9    8.7   41-3   0.81   15.7 
    15           265 26.30  20.79   79.1   3.94   27.3    6.7   1206   74.8    9.0   31-4   0.81   12.9 
    16           266 26.81  21.25   79.3   4.05   28.2    6.7   1288   72.2    8.7   41-3   0.82   12.4 
    17           267 26.29  20.50   78.0   4.09   28.7    6.7   1413   73.7    9.3   32-2   0.82   14.4 
    18           268 27.19  19.44   77.2   3.92   26.6    6.8   1001   75.3    9.6   32-1   0.81   16.3 
    19           269 26.73  20.01   77.8   3.99   29.5    6.7   1264   77.5    9.4   21-4   0.82   15.0 
    20           270 25.92  20.01   77.2   3.99   28.5    6.7   1309   77.5    8.8   31-1   0.82   15.7 
    21           271 26.67  19.95   77.7   3.96   27.7    6.7   1066   73.7   10.2   32-1   0.81   15.1 
    22           272 26.57  20.63   77.6   4.06   29.6    6.8   1392   73.8    9.0   31-4   0.82   14.6 
    23           273 27.21  21.41   78.7   4.12   30.3    6.8   1322   76.8    8.8   31-1   0.83   12.8 
    24           274 26.10  20.16   77.2   4.11   28.5    6.7   1618   69.7    8.9   42-2   0.82   15.5 
    25           275 27.49  21.64   78.7   4.06   29.1    6.8   1151   74.1    8.3   41-1   0.82   12.6 
    26           276 26.64  19.86   77.5   4.07   29.1    6.7   1251   69.8    9.1   42-2   0.82   15.5 
    27           277 26.72  19.51   75.9   4.03   29.2    6.7   1372   73.3   10.0   32-1   0.82   17.9 
    28           278 26.67  21.01   78.8   4.05   28.9    6.7   1006   72.8    9.2   42-1   0.82   13.1 
    29           279 26.60  21.35   80.3   4.08   30.3    6.8   1539   73.2   10.2   32-1   0.83   11.4 
    30           280 27.18  21.47   79.0   4.13   32.3    6.8   1287   73.8    9.1   31-4   0.83   12.5 
    31           281 26.23  19.97   76.1   4.17   27.3    6.7   1489   72.3    8.9   42-1   0.82   17.1 
    32           282 26.41  19.79   77.9   4.04   26.5    6.7   1421   75.3    9.2   31-3   0.81   15.1 
    33           283 26.29  20.06   76.3   4.25   27.8    6.7   1374   72.4    8.0   41-2   0.82   16.8 
    34           284 27.83  22.00   79.0   4.28   30.0    6.8   1191   73.6    8.8   41-3   0.83   12.0 
    35           285 27.00  20.23   77.8   4.23   27.1    6.7   1291   75.7    8.9   31-3   0.82   14.8 
    36           286 26.70  20.75   77.7   4.39   28.5    6.8   1236   76.8    9.4   31-3   0.83   14.4 
    37           287 27.06  21.53   79.6   4.28   27.4    6.8   1448   76.1    9.2   31-3   0.82   11.9 
    38           288 26.56  21.10   79.4   4.26   27.7    6.8   1328   75.1    9.2   31-3   0.82   12.3 
    39           289 26.20  20.70   79.0   4.17   29.9    6.8   1239   76.3    9.0   31-3   0.83   13.1 
    40           290 26.84  20.11   77.8   4.16   28.3    6.7   1247   73.9    9.5   32-2   0.82   14.8 
    41           291 26.71  21.28   79.7   4.16   28.4    6.8   1350   75.1    8.2   41-1   0.82   12.0 
    42           292 27.17  19.42   77.1   4.20   27.8    6.7   1268   69.3    8.8   42-2   0.82   16.3 
    43           293 26.49  21.14   79.8   4.37   29.7    6.8   1357   76.6    8.9   31-3   0.83   11.9 
    44           294 26.68  20.13   75.5   4.39   26.7    6.7   1353   76.5    8.8   31-1   0.82   17.8 
    45           295 26.89  21.29   79.2   4.13   29.9    6.8   1356   76.4    8.8   31-1   0.83   12.5 
    46           296 26.19  20.62   78.7   4.10   31.0    6.8   1298   75.5    9.3   31-3   0.83   13.4 
    47           297 26.72  21.06   78.8   4.32   28.3    6.8   1337   74.7    9.3   32-2   0.83   13.0 
    48           298 26.40  20.78   78.7   4.38   28.1    6.8   1240   74.6    9.2   31-4   0.83   13.3 
    49           299 26.61  20.96   78.8   4.25   29.4    6.8   1458   77.0    8.8   31-1   0.83   13.1 
    50           300 26.80  21.26   79.4   4.09   30.8    6.8   1326   74.6    9.3   32-2   0.83   12.3 
    51           301 26.53  20.71   78.1   4.20   27.6    6.8   1115   76.7    9.1   31-3   0.82   14.1 
    52           302 26.33  21.08   80.1   4.36   29.8    6.8   1376   73.9    9.2   32-2   0.83   11.7 
    53           303 26.82  20.81   77.6   4.36   29.5    6.8   1536   67.4   10.3   43-2   0.83   14.5 
    54           304 26.81  21.29   79.4   4.46   28.5    6.7   1194   65.3    9.1   52-1   0.83   12.2 
    55           305 27.29  21.37   78.3   4.47   30.0    6.8   1557   64.9    7.9   52-2   0.84   13.2 
    56           306 26.27  20.54   78.2   4.33   26.4    6.7   1516   69.3    9.7   42-1   0.82   14.1 
    57           307 26.01  20.49   78.8   4.41   27.7    6.8   1330   72.7    8.8   41-3   0.83   13.4 
    58           308 26.08  20.31   77.9   4.20   27.5    6.7   1095   72.4   10.1   32-2   0.82   14.6 
    59           309 27.00  21.32   78.9   4.15   29.9    6.8   1191   70.9    9.5   42-1   0.83   12.6 
    60           310 26.59  20.63   77.6   4.19   28.1    6.8   1212   72.2    9.3   42-1   0.82   14.7 
    61           311 25.99  19.97   76.9   4.20   27.5    6.7   1204   73.6    8.9   41-3   0.82   16.2 
    62           312 26.63  20.83   78.2   4.27   29.8    6.8   1261   71.4    9.6   42-1   0.83   13.8 
    63           313 26.89  20.96   78.0   4.31   28.4    6.8   1112   68.2    8.2   51-3   0.83   14.0 
    64           314 27.20  21.72   79.8   4.32   26.8    6.8   1261   70.3    8.8   42-2   0.82   11.5 
    65           315 26.65  20.38   76.5   4.40   29.5    6.8   1343   67.8    9.3   52-1   0.83   16.2 
    66           316 27.05  19.16   76.5   4.32   26.8    6.7   1311   66.7   10.0   43-2   0.82   17.5 
    67           317 27.30  20.50   77.9   4.37   27.7    6.8   1448   70.4    9.7   42-1   0.83   14.4 
    68           318 26.84  20.08   77.7   4.31   27.4    6.8   1371   72.5    9.4   42-1   0.82   15.0 
    69           319 27.54  20.94   76.0   4.38   30.3    6.8   1090   71.1    9.7   42-1   0.83   16.1 
    70           320 27.14  20.47   78.3   4.28   28.6    6.8   1319   71.2    8.8   42-1   0.83   14.0 
    71           321 26.98  20.13   77.5   4.19   28.0    6.8   1462   72.7    9.2   42-1   0.82   15.2 
    72           322 26.74  21.06   78.8   4.25   29.2    6.8    996   70.9    9.4   42-1   0.83   13.0 
    73           323 26.31  20.75   78.8   4.21   28.2    6.8   1120   68.8   10.2   43-1   0.82   13.2 
    74           324 27.59  21.82   79.1   4.42   30.4    6.8   1189   68.7    8.0   51-3   0.84   12.1 
    75           325 26.48  21.06   79.5   4.24   27.6    6.8   1156   72.4    9.9   32-2   0.82   12.3 
    76           326 26.74  20.60   77.0   4.30   29.5    6.8   1060   70.1    9.2   42-2   0.83   15.3 
    77           327 27.07  20.42   78.3   4.35   27.2    6.7   1013   70.9    8.0   41-4   0.82   14.0 
    78           328 26.52  20.79   78.4   4.20   28.7    6.7   1272   72.2    9.2   42-1   0.82   13.6 
    79           329 26.87  21.22   78.9   4.39   28.0    6.8   1165   71.1    9.1   42-1   0.83   12.7 
    80           330 26.47  20.73   78.3   4.36   29.7    6.8   1294   71.8    8.5   41-3   0.83   13.8 
    81           331 26.76  20.60   77.0   4.49   28.1    6.8   1407   65.4    8.4   52-2   0.83   15.4 
    82           332 26.46  20.85   78.8   4.54   28.6    6.7   1112   73.3    8.2   41-1   0.83   13.2 
    83           333 25.93  21.23   78.8   4.52   27.7    6.8   1293   73.4    9.6   32-2   0.83   12.8 
    84           334 26.76  19.97   77.5   4.38   27.2    6.7   1473   71.0    8.4   41-4   0.82   15.3 
    85           335 27.21  21.39   78.6   4.38   28.0    6.8   1338   70.7    8.5   41-4   0.83   12.9 
    86           336 27.24  21.19   77.8   4.30   30.2    6.8   1124   71.1    6.9   51-1   0.83   13.9 
    87           337 27.04  20.33   78.1   4.51   28.9    6.8   1133   73.3    9.3   32-2   0.83   14.4 
    88           338 27.64  22.26   80.5   4.28   28.8    6.8   1447   70.7    9.8   42-1   0.83   10.6 
    89           339 25.98  20.54   79.1   4.28   28.3    6.8   1147   70.9    9.1   42-1   0.83   13.1 
    90           340 27.27  21.84   80.1   4.25   28.1    6.8   1760   69.9    9.6   42-1   0.82   11.2 
    91           341 26.59  21.36   80.3   4.43   27.7    6.8   1291   70.8    9.5   42-1   0.83   11.3 
    92           342 26.85  21.33   79.4   4.32   29.4    6.8   1350   73.4    9.1   31-4   0.83   12.2 
    93           343 26.82  21.16   78.9   4.20   27.4    6.8   1442   72.2    9.4   42-1   0.82   12.8 
    94           344 26.31  20.86   79.3   4.37   27.9    6.8   1468   72.2    9.3   42-1   0.83   12.7 
    95           345 27.19  21.57   79.3   4.33   28.0    6.8   1382   72.4    8.9   42-1   0.83   12.1 
    96           346 26.87  21.15   78.7   4.37   28.9    6.8   1417   68.8    8.9   42-2   0.83   13.0 
    97           347 27.03  21.24   78.6   4.31   28.5    6.8   1528   70.4    9.5   42-1   0.83   13.1 
    98           348 25.98  20.60   79.3   4.24   26.6    6.7   1066   72.0    9.0   42-1   0.82   12.8 
    99           349 25.83  20.46   79.2   4.27   27.3    6.7   1295   72.9    9.5   32-2   0.82   13.0 
   100           350 27.00  21.26   78.7   4.36   30.2    6.8   1161   68.9    9.1   42-2   0.83   12.9 
---------------------------------------------------------------------------------------------------------
               Avg:  26.67  20.86   78.5   4.22   28.6    6.8   1288   71.6    9.1   42-1   0.82   13.4
               Min:  25.83  19.16   75.5   3.92   26.0    6.7    847   60.4    6.9                     
               Max:  28.37  22.95   81.4   4.54   32.3    6.8   1760   77.5   10.3                     
                SD:   0.63   0.70    1.2   0.16    1.2    0.1    155    3.8    0.6                     
               CV%:    2.4    3.3    1.5    3.7    4.1    0.8   12.1    5.3    6.1                     
---------------------------------------------------------------------------------------------------------
1 Test : 2 LS Reading(s);  1 Mic Reading(s);  2 Color Reading(s)
Tests: 0100